0
4
16
36
64
100
144
196
256
324
400
484
576
676
784
900
1024
1156
1296
1444
1600
1764
1936
2116
2304
2500
2704
2916
3136
3364
3600
3844
4096
4356
4624
4900
5184
5476
5776
6084
6400
6724
7056
7396
7744
8100
8464
8836
9216
9604
10000
10404
10816
11236
11664
12100
12544
12996
13456
13924
14400
14884
15376
15876
16384
16900
17424
17956
18496
19044
19600
20164
20736
21316
21904
22500
23104
23716
24336
24964
25600
26244
26896
27556
28224
28900
29584
30276
30976
31684
32400
33124
33856
34596
35344
36100
36864
37636
38416
39204
40000
40804
41616
42436
43264
44100
44944
45796
46656
47524
48400
49284
50176
51076
51984
52900
53824
54756
55696
56644
57600
58564
59536
60516
61504
62500
63504
64516
65536
66564
67600
68644
69696
70756
71824
72900
73984
75076
76176
77284
78400
79524
80656
81796
82944
84100
85264
86436
87616
88804
90000
91204
92416
93636
94864
96100
97344
98596
99856
101124
102400
103684
104976
106276
107584
108900
110224
111556
112896
114244
115600
116964
118336
119716
121104
122500
123904
125316
126736
128164
129600
131044
132496
133956
135424
136900
138384
139876
141376
142884
144400
145924
147456
148996
150544
152100
153664
155236
156816
158404
160000
161604
163216
164836
166464
168100
169744
171396
173056
174724
176400
178084
179776
181476
183184
184900
186624
188356
190096
191844
193600
195364
197136
198916
200704
202500
204304
206116
207936
209764
211600
213444
215296
217156
219024
220900
222784
224676
226576
228484
230400
232324
234256
236196
238144
240100
242064
244036
246016
248004
250000
252004
254016
256036
258064
260100
262144
264196
266256
268324
270400
272484
274576
276676
278784
280900
283024
285156
287296
289444
291600
293764
295936
298116
300304
302500
304704
306916
309136
311364
313600
315844
318096
320356
322624
324900
327184
329476
331776
334084
336400
338724
341056
343396
345744
348100
350464
352836
355216
357604
360000
362404
364816
367236
369664
372100
374544
376996
379456
381924
384400
386884
389376
391876
394384
396900
399424
401956
404496
407044
409600
412164
414736
417316
419904
422500
425104
427716
430336
432964
435600
438244
440896
443556
446224
448900
451584
454276
456976
459684
462400
465124
467856
470596
473344
476100
478864
481636
484416
487204
490000
492804
495616
498436
501264
504100
506944
509796
512656
515524
518400
521284
524176
527076
529984
532900
535824
538756
541696
544644
547600
550564
553536
556516
559504
562500
565504
568516
571536
574564
577600
580644
583696
586756
589824
592900
595984
599076
602176
605284
608400
611524
614656
617796
620944
624100
627264
630436
633616
636804
640000
643204
646416
649636
652864
656100
659344
662596
665856
669124
672400
675684
678976
682276
685584
688900
692224
695556
698896
702244
705600
708964
712336
715716
719104
722500
725904
729316
732736
736164
739600
743044
746496
749956
753424
756900
760384
763876
767376
770884
774400
777924
781456
784996
788544
792100
795664
799236
802816
806404
810000
813604
817216
820836
824464
828100
831744
835396
839056
842724
846400
850084
853776
857476
861184
864900
868624
872356
876096
879844
883600
887364
891136
894916
898704
902500
906304
910116
913936
917764
921600
925444
929296
933156
937024
940900
944784
948676
952576
956484
960400
964324
968256
972196
976144
980100
984064
988036
992016
996004
1000000
1004004
1008016
1012036
1016064
1020100
1024144
1028196
1032256
1036324
1040400
1044484
1048576
1052676
1056784
1060900
1065024
1069156
1073296
1077444
1081600
1085764
1089936
1094116
1098304
1102500
1106704
1110916
1115136
1119364
1123600
1127844
1132096
1136356
1140624
1144900
1149184
1153476
1157776
1162084
1166400
1170724
1175056
1179396
1183744
1188100
1192464
1196836
1201216
1205604
1210000
1214404
1218816
1223236
1227664
1232100
1236544
1240996
1245456
1249924
1254400
1258884
1263376
1267876
1272384
1276900
1281424
1285956
1290496
1295044
1299600
1304164
1308736
1313316
1317904
1322500
1327104
1331716
1336336
1340964
1345600
1350244
1354896
1359556
1364224
1368900
1373584
1378276
1382976
1387684
1392400
1397124
1401856
1406596
1411344
1416100
1420864
1425636
1430416
1435204
1440000
1444804
1449616
1454436
1459264
1464100
1468944
1473796
1478656
1483524
1488400
1493284
1498176
1503076
1507984
1512900
1517824
1522756
1527696
1532644
1537600
1542564
1547536
1552516
1557504
1562500
1567504
1572516
1577536
1582564
1587600
1592644
1597696
1602756
1607824
1612900
1617984
1623076
1628176
1633284
1638400
1643524
1648656
1653796
1658944
1664100
1669264
1674436
1679616
1684804
1690000
1695204
1700416
1705636
1710864
1716100
1721344
1726596
1731856
1737124
1742400
1747684
1752976
1758276
1763584
1768900
1774224
1779556
1784896
1790244
1795600
1800964
1806336
1811716
1817104
1822500
1827904
1833316
1838736
1844164
1849600
1855044
1860496
1865956
1871424
1876900
1882384
1887876
1893376
1898884
1904400
1909924
1915456
1920996
1926544
1932100
1937664
1943236
1948816
1954404
1960000
1965604
1971216
1976836
1982464
1988100
1993744
1999396
2005056
2010724
2016400
2022084
2027776
2033476
2039184
2044900
2050624
2056356
2062096
2067844
2073600
2079364
2085136
2090916
2096704
2102500
2108304
2114116
2119936
2125764
2131600
2137444
2143296
2149156
2155024
2160900
2166784
2172676
2178576
2184484
2190400
2196324
2202256
2208196
2214144
2220100
2226064
2232036
2238016
2244004
2250000
2256004
2262016
2268036
2274064
2280100
2286144
2292196
2298256
2304324
2310400
2316484
2322576
2328676
2334784
2340900
2347024
2353156
2359296
2365444
2371600
2377764
2383936
2390116
2396304
2402500
2408704
2414916
2421136
2427364
2433600
2439844
2446096
2452356
2458624
2464900
2471184
2477476
2483776
2490084
2496400
2502724
2509056
2515396
2521744
2528100
2534464
2540836
2547216
2553604
2560000
2566404
2572816
2579236
2585664
2592100
2598544
2604996
2611456
2617924
2624400
2630884
2637376
2643876
2650384
2656900
2663424
2669956
2676496
2683044
2689600
2696164
2702736
2709316
2715904
2722500
2729104
2735716
2742336
2748964
2755600
2762244
2768896
2775556
2782224
2788900
2795584
2802276
2808976
2815684
2822400
2829124
2835856
2842596
2849344
2856100
2862864
2869636
2876416
2883204
2890000
2896804
2903616
2910436
2917264
2924100
2930944
2937796
2944656
2951524
2958400
2965284
2972176
2979076
2985984
2992900
2999824
3006756
3013696
3020644
3027600
3034564
3041536
3048516
3055504
3062500
3069504
3076516
3083536
3090564
3097600
3104644
3111696
3118756
3125824
3132900
3139984
3147076
3154176
3161284
3168400
3175524
3182656
3189796
3196944
3204100
3211264
3218436
3225616
3232804
3240000
3247204
3254416
3261636
3268864
3276100
3283344
3290596
3297856
3305124
3312400
3319684
3326976
3334276
3341584
3348900
3356224
3363556
3370896
3378244
3385600
3392964
3400336
3407716
3415104
3422500
3429904
3437316
3444736
3452164
3459600
3467044
3474496
3481956
3489424
3496900
3504384
3511876
3519376
3526884
3534400
3541924
3549456
3556996
3564544
3572100
3579664
3587236
3594816
3602404
3610000
3617604
3625216
3632836
3640464
3648100
3655744
3663396
3671056
3678724
3686400
3694084
3701776
3709476
3717184
3724900
3732624
3740356
3748096
3755844
3763600
3771364
3779136
3786916
3794704
3802500
3810304
3818116
3825936
3833764
3841600
3849444
3857296
3865156
3873024
3880900
3888784
3896676
3904576
3912484
3920400
3928324
3936256
3944196
3952144
3960100
3968064
3976036
3984016
3992004
